
#Off
#define RAW_DATA_LEN 232
uint16_t rawData[RAW_DATA_LEN]={
        3106, 9054, 538, 1450, 594, 490, 534, 538,
        502, 538, 502, 534, 586, 482, 502, 534,
        506, 534, 586, 482, 506, 1506, 566, 474,
        510, 554, 586, 486, 498, 542, 502, 1506,
        586, 1458, 586, 1450, 514, 1550, 566, 1474,
        590, 1454, 586, 474, 538, 526, 586, 482,
        506, 534, 486, 574, 558, 486, 506, 534,
        506, 530, 586, 486, 498, 542, 506, 526,
        586, 486, 502, 538, 502, 538, 482, 574,
        562, 482, 506, 538, 558, 502, 562, 482,
        506, 534, 506, 526, 586, 486, 506, 534,
        506, 534, 486, 574, 534, 510, 506, 1510,
        570, 514, 510, 534, 506, 534, 506, 534,
        586, 478, 506, 534, 506, 530, 586, 486,
        502, 538, 506, 2390, 3110, 9054, 534, 1498,
        538, 498, 562, 510, 506, 534, 562, 494,
        562, 486, 502, 538, 506, 530, 586, 486,
        498, 1514, 542, 542, 506, 538, 506, 1510,
        562, 474, 566, 1474, 590, 474, 558, 1486,
        570, 1470, 586, 1450, 562, 1478, 570, 542,
        506, 1514, 538, 502, 554, 1482, 586, 1454,
        570, 498, 578, 486, 558, 478, 586, 486,
        502, 534, 506, 530, 586, 486, 502, 538,
        502, 530, 586, 482, 506, 534, 506, 538,
        558, 1454, 590, 474, 582, 1462, 570, 1466,
        590, 474, 582, 486, 506, 526, 586, 486,
        502, 538, 502, 538, 558, 502, 562, 486,
        498, 542, 502, 554, 562, 482, 506, 538,
        502, 530, 586, 1458, 486, 1530, 562, 1000};


/// New ver.




** Fan Auto Swing off ***

//23
#define RAW_DATA_LEN 232
uint16_t rawData[RAW_DATA_LEN]={
	3090, 8890, 638, 490, 502, 1446, 542, 486, 
	502, 450, 530, 446, 510, 474, 502, 458, 
	534, 442, 530, 418, 538, 1490, 538, 442, 
	534, 442, 530, 1470, 538, 442, 538, 442, 
	530, 1466, 538, 1462, 510, 1490, 566, 1450, 
	542, 1458, 510, 518, 502, 450, 530, 422, 
	534, 474, 530, 454, 510, 442, 530, 446, 
	506, 474, 530, 446, 510, 474, 530, 446, 
	506, 482, 506, 442, 530, 450, 530, 446, 
	510, 470, 534, 442, 510, 474, 502, 486, 
	478, 470, 530, 450, 530, 446, 510, 470, 
	530, 446, 506, 486, 478, 466, 530, 450, 
	534, 446, 506, 474, 530, 446, 506, 474, 
	530, 458, 478, 1490, 538, 1462, 534, 1486, 
	538, 1462, 538, 2382, 3082, 9082, 478, 1494, 
	562, 462, 482, 470, 530, 446, 510, 474, 
	502, 474, 510, 478, 510, 442, 530, 446, 
	506, 1494, 534, 442, 542, 442, 530, 446, 
	510, 466, 510, 1474, 534, 1482, 538, 490, 
	478, 1470, 542, 1458, 510, 1514, 534, 1462, 
	538, 1462, 538, 1482, 534, 1462, 538, 1482, 
	542, 442, 534, 442, 510, 470, 530, 1466, 
	538, 1462, 538, 1462, 538, 490, 502, 450, 
	502, 474, 510, 470, 506, 470, 510, 1470, 
	538, 1462, 514, 1506, 538, 494, 498, 1450, 
	506, 522, 498, 450, 506, 482, 506, 1462, 
	538, 490, 478, 474, 506, 482, 506, 442, 
	510, 470, 530, 446, 510, 474, 502, 1474, 
	534, 1482, 514, 1490, 538, 1462, 534, 1000};

//24
#define RAW_DATA_LEN 232
uint16_t rawData[RAW_DATA_LEN]={
	3142, 8826, 674, 462, 530, 1422, 586, 438, 
	558, 394, 558, 398, 586, 414, 562, 402, 
	562, 414, 586, 390, 558, 1442, 566, 414, 
	562, 414, 562, 1438, 566, 414, 562, 418, 
	562, 1434, 566, 1434, 566, 1434, 566, 1458, 
	558, 1438, 562, 466, 526, 422, 558, 422, 
	558, 418, 562, 426, 510, 442, 558, 418, 
	562, 418, 558, 422, 562, 414, 562, 414, 
	590, 374, 562, 414, 558, 422, 558, 398, 
	558, 442, 562, 414, 562, 422, 558, 406, 
	554, 418, 558, 418, 566, 418, 558, 414, 
	562, 422, 558, 406, 554, 418, 558, 418, 
	562, 418, 562, 414, 562, 422, 558, 418, 
	558, 406, 558, 1438, 538, 1458, 562, 1458, 
	570, 1430, 590, 2334, 3130, 9058, 506, 1434, 
	590, 442, 530, 418, 562, 414, 566, 418, 
	558, 418, 558, 430, 534, 418, 554, 422, 
	562, 1438, 562, 414, 566, 418, 558, 418, 
	562, 1418, 590, 1430, 562, 1434, 566, 462, 
	530, 1426, 562, 1454, 566, 1434, 566, 1454, 
	562, 1438, 590, 1410, 590, 1426, 566, 1434, 
	566, 462, 530, 422, 554, 422, 562, 1418, 
	566, 1434, 590, 1430, 562, 462, 506, 446, 
	562, 430, 534, 410, 562, 414, 562, 422, 
	558, 418, 534, 446, 562, 1418, 566, 1434, 
	566, 458, 510, 442, 558, 422, 562, 1418, 
	558, 470, 526, 422, 558, 422, 558, 418, 
	558, 422, 562, 398, 562, 414, 562, 1438, 
	562, 1434, 566, 1434, 598, 1426, 558, 1000};

//25
#define RAW_DATA_LEN 232
uint16_t rawData[RAW_DATA_LEN]={
	3090, 8894, 606, 518, 482, 1470, 506, 518, 
	506, 446, 506, 470, 510, 474, 502, 486, 
	506, 442, 506, 470, 510, 1490, 510, 470, 
	510, 470, 502, 1498, 534, 446, 506, 470, 
	506, 1490, 514, 1486, 534, 1466, 562, 1458, 
	514, 1486, 534, 494, 478, 474, 502, 474, 
	506, 470, 534, 454, 506, 446, 530, 450, 
	502, 474, 510, 470, 530, 446, 534, 446, 
	506, 482, 478, 474, 530, 446, 510, 470, 
	530, 446, 510, 470, 506, 474, 502, 486, 
	478, 474, 498, 478, 506, 470, 506, 478, 
	530, 446, 506, 482, 478, 474, 498, 478, 
	506, 470, 506, 474, 506, 470, 510, 474, 
	502, 482, 478, 1490, 510, 1494, 534, 1482, 
	514, 1486, 510, 2414, 3078, 9086, 478, 1490, 
	534, 494, 474, 478, 506, 470, 506, 470, 
	510, 474, 502, 486, 478, 474, 526, 446, 
	510, 1490, 510, 470, 510, 470, 502, 1494, 
	538, 446, 510, 1486, 534, 1462, 514, 518, 
	502, 1446, 534, 1486, 510, 1490, 534, 1486, 
	510, 1486, 514, 1486, 566, 1458, 510, 1486, 
	510, 518, 506, 446, 502, 474, 510, 1470, 
	510, 1490, 534, 1486, 510, 518, 502, 450, 
	530, 454, 482, 470, 506, 470, 506, 1474, 
	534, 494, 474, 478, 506, 1490, 510, 1490, 
	510, 518, 502, 450, 506, 478, 482, 1490, 
	510, 518, 478, 474, 502, 482, 482, 470, 
	502, 474, 506, 474, 506, 470, 506, 1474, 
	510, 1510, 510, 1490, 506, 1494, 506, 1000};

//26
#define RAW_DATA_LEN 232
uint16_t rawData[RAW_DATA_LEN]={
	3094, 8886, 610, 518, 502, 1446, 538, 494, 
	498, 446, 538, 446, 506, 470, 534, 454, 
	510, 442, 530, 446, 506, 1494, 534, 442, 
	510, 474, 530, 1462, 514, 470, 534, 442, 
	534, 1466, 510, 1490, 534, 1462, 566, 1458, 
	534, 1466, 534, 494, 498, 446, 538, 446, 
	530, 446, 534, 454, 482, 470, 530, 446, 
	530, 446, 538, 446, 530, 446, 534, 446, 
	530, 454, 486, 466, 530, 446, 534, 446, 
	534, 446, 506, 474, 530, 446, 534, 458, 
	478, 470, 502, 478, 530, 446, 510, 470, 
	530, 446, 506, 486, 502, 442, 530, 454, 
	530, 446, 534, 442, 534, 446, 530, 446, 
	538, 454, 502, 1466, 538, 1458, 542, 1482, 
	510, 1490, 510, 2410, 3082, 9082, 482, 1486, 
	538, 490, 506, 446, 510, 470, 530, 446, 
	510, 470, 534, 454, 510, 438, 534, 446, 
	510, 1490, 510, 470, 534, 442, 530, 1470, 
	534, 442, 510, 1494, 534, 1462, 538, 494, 
	498, 1450, 566, 1450, 542, 1458, 538, 1486, 
	534, 1462, 538, 1462, 538, 1482, 538, 1458, 
	542, 490, 502, 446, 506, 474, 534, 1442, 
	538, 1462, 566, 1458, 506, 522, 478, 470, 
	534, 454, 510, 438, 534, 446, 506, 474, 
	530, 1450, 534, 494, 498, 1466, 542, 1458, 
	542, 486, 506, 446, 506, 482, 506, 1462, 
	538, 490, 506, 446, 510, 478, 506, 446, 
	506, 470, 530, 446, 510, 474, 530, 1446, 
	538, 1482, 510, 1490, 534, 1462, 538, 1000};

//27
#define RAW_DATA_LEN 232
uint16_t rawData[RAW_DATA_LEN]={
	3126, 8870, 630, 494, 502, 1450, 534, 494, 
	498, 446, 538, 446, 530, 446, 530, 458, 
	506, 446, 526, 450, 530, 1466, 542, 438, 
	538, 442, 534, 1466, 534, 446, 534, 442, 
	534, 1462, 542, 1462, 514, 1486, 534, 1482, 
	514, 1486, 510, 518, 502, 454, 526, 446, 
	534, 442, 538, 454, 506, 446, 530, 446, 
	506, 470, 510, 474, 530, 446, 510, 470, 
	530, 454, 482, 470, 530, 446, 506, 474, 
	534, 446, 530, 446, 510, 470, 534, 454, 
	482, 470, 530, 446, 530, 446, 538, 446, 
	530, 446, 510, 478, 506, 446, 526, 450, 
	534, 446, 502, 474, 534, 446, 506, 470, 
	510, 482, 478, 1490, 510, 1486, 514, 1510, 
	534, 1462, 514, 2414, 3074, 9086, 506, 1466, 
	534, 494, 498, 446, 538, 446, 530, 446, 
	510, 470, 530, 458, 502, 446, 534, 446, 
	530, 1470, 534, 442, 514, 466, 534, 446, 
	530, 446, 534, 1446, 510, 1510, 534, 494, 
	502, 1450, 506, 1490, 538, 1482, 510, 1486, 
	542, 1462, 562, 1458, 510, 1486, 510, 1514, 
	534, 442, 510, 470, 534, 446, 530, 1466, 
	514, 1486, 510, 1490, 538, 490, 502, 450, 
	530, 446, 534, 446, 534, 446, 530, 1450, 
	534, 1462, 514, 514, 506, 1462, 514, 1490, 
	534, 494, 498, 450, 534, 454, 478, 1490, 
	510, 518, 502, 450, 530, 458, 506, 442, 
	534, 446, 530, 446, 534, 446, 506, 1474, 
	534, 1482, 510, 1494, 534, 1462, 538, 1000};

//28
#define RAW_DATA_LEN 232
uint16_t rawData[RAW_DATA_LEN]={
	3090, 8882, 618, 518, 478, 1474, 510, 518, 
	474, 478, 502, 474, 506, 470, 510, 478, 
	482, 470, 502, 474, 506, 1490, 510, 474, 
	534, 442, 506, 1494, 534, 446, 506, 474, 
	502, 1494, 514, 1486, 534, 1466, 534, 1482, 
	538, 1466, 534, 518, 454, 470, 530, 450, 
	502, 474, 510, 478, 506, 446, 506, 470, 
	506, 470, 510, 474, 506, 470, 506, 474, 
	506, 506, 454, 470, 506, 474, 502, 474, 
	510, 470, 506, 470, 510, 474, 502, 506, 
	458, 470, 506, 470, 506, 474, 534, 446, 
	502, 474, 510, 506, 454, 494, 482, 470, 
	506, 470, 510, 474, 506, 470, 506, 474, 
	530, 482, 454, 1490, 538, 1458, 510, 1514, 
	566, 1430, 514, 2414, 3074, 9086, 478, 1490, 
	542, 486, 482, 470, 506, 470, 506, 478, 
	530, 446, 506, 482, 482, 470, 502, 470, 
	510, 1490, 510, 474, 510, 466, 506, 1494, 
	534, 446, 534, 1462, 538, 1462, 510, 522, 
	474, 1474, 534, 1482, 510, 1494, 534, 1482, 
	510, 1490, 534, 1462, 538, 1486, 506, 1494, 
	534, 518, 454, 470, 506, 474, 510, 1470, 
	534, 1466, 534, 1482, 534, 498, 474, 474, 
	506, 482, 506, 446, 502, 470, 534, 446, 
	506, 474, 506, 1470, 510, 1514, 534, 1462, 
	510, 546, 450, 474, 506, 482, 506, 1462, 
	514, 518, 474, 474, 506, 482, 478, 474, 
	502, 474, 502, 474, 510, 470, 506, 1474, 
	534, 1486, 534, 1462, 538, 1462, 538, 1000};

** Fan auto Swing on

//23
#define RAW_DATA_LEN 232
uint16_t rawData[RAW_DATA_LEN]={
	3094, 8894, 602, 490, 530, 1450, 534, 462, 
	530, 422, 558, 418, 562, 418, 558, 430, 
	534, 418, 554, 422, 558, 1442, 538, 442, 
	586, 390, 534, 1494, 562, 390, 558, 422, 
	554, 1470, 538, 1458, 538, 1466, 562, 1458, 
	530, 1442, 558, 470, 530, 422, 526, 450, 
	534, 442, 558, 430, 534, 418, 530, 446, 
	534, 442, 538, 446, 558, 418, 558, 422, 
	562, 430, 530, 414, 562, 414, 562, 422, 
	534, 442, 562, 418, 558, 418, 562, 430, 
	502, 442, 538, 442, 534, 446, 534, 442, 
	534, 446, 538, 454, 530, 422, 530, 442, 
	558, 422, 534, 442, 562, 418, 562, 414, 
	538, 454, 530, 1466, 534, 1466, 534, 1490, 
	530, 1466, 534, 2410, 3082, 9058, 530, 1442, 
	558, 438, 506, 446, 562, 414, 562, 422, 
	558, 418, 558, 430, 530, 422, 558, 418, 
	534, 1494, 534, 418, 562, 414, 538, 438, 
	562, 1450, 534, 1486, 534, 1466, 502, 494, 
	530, 1450, 538, 1482, 510, 1490, 534, 466, 
	526, 1450, 562, 442, 498, 1498, 534, 1466, 
	534, 466, 526, 422, 534, 442, 562, 1446, 
	514, 1486, 538, 1482, 534, 470, 502, 454, 
	534, 414, 562, 414, 562, 422, 558, 1446, 
	562, 1458, 534, 1466, 538, 466, 526, 1450, 
	534, 462, 530, 422, 562, 414, 562, 1446, 
	510, 494, 526, 422, 558, 418, 562, 418, 
	534, 442, 538, 454, 534, 418, 530, 1494, 
	534, 1466, 530, 1466, 566, 1454, 510, 1000};
Do a cut-and-paste of the following lines into the 
designated location in rawSend.ino

//24
#define RAW_DATA_LEN 232
uint16_t rawData[RAW_DATA_LEN]={
	3110, 8870, 602, 490, 506, 1474, 534, 462, 
	530, 422, 558, 418, 562, 422, 586, 398, 
	534, 418, 558, 418, 562, 1462, 538, 414, 
	542, 438, 558, 1446, 558, 418, 558, 418, 
	534, 1470, 534, 1462, 538, 1490, 534, 1486, 
	534, 1462, 534, 470, 530, 418, 558, 422, 
	558, 418, 558, 430, 534, 418, 530, 446, 
	534, 442, 562, 422, 558, 418, 558, 422, 
	534, 454, 534, 414, 562, 414, 562, 422, 
	558, 418, 558, 422, 534, 442, 562, 430, 
	534, 414, 558, 422, 558, 418, 558, 422, 
	534, 442, 562, 426, 506, 446, 530, 446, 
	562, 418, 534, 446, 562, 414, 562, 418, 
	558, 430, 534, 1462, 534, 1466, 562, 1458, 
	538, 1458, 538, 2362, 3106, 9082, 506, 1462, 
	566, 438, 530, 422, 558, 418, 558, 422, 
	530, 446, 562, 430, 530, 422, 554, 422, 
	530, 1494, 534, 418, 558, 418, 562, 1466, 
	534, 422, 558, 418, 554, 422, 562, 418, 
	558, 1446, 538, 1486, 506, 1490, 534, 470, 
	526, 1446, 566, 438, 506, 1466, 534, 1490, 
	534, 470, 526, 422, 558, 418, 534, 1474, 
	534, 1466, 534, 1486, 534, 466, 530, 430, 
	530, 422, 554, 422, 534, 442, 558, 422, 
	562, 414, 562, 426, 538, 1458, 514, 1486, 
	538, 466, 530, 418, 562, 418, 534, 1474, 
	534, 470, 498, 446, 534, 442, 538, 446, 
	558, 430, 530, 418, 534, 442, 562, 1470, 
	534, 1462, 534, 1466, 534, 1486, 534, 1000};
Do a cut-and-paste of the following lines into the 
designated location in rawSend.ino

//25
#define RAW_DATA_LEN 232
uint16_t rawData[RAW_DATA_LEN]={
	3114, 8878, 622, 470, 526, 1446, 534, 470, 
	530, 418, 558, 418, 558, 422, 562, 430, 
	530, 414, 562, 414, 562, 1470, 510, 442, 
	562, 414, 558, 1470, 534, 422, 554, 422, 
	554, 1470, 534, 1462, 514, 1490, 538, 1482, 
	530, 1466, 534, 470, 526, 422, 558, 422, 
	558, 418, 562, 426, 530, 422, 558, 418, 
	562, 414, 562, 422, 558, 418, 558, 422, 
	558, 426, 538, 414, 530, 446, 538, 446, 
	554, 422, 558, 422, 530, 446, 534, 458, 
	530, 418, 558, 422, 554, 422, 534, 442, 
	534, 446, 562, 430, 530, 442, 534, 418, 
	534, 446, 558, 418, 562, 418, 534, 446, 
	534, 454, 530, 1466, 534, 1462, 510, 1514, 
	534, 1466, 510, 2434, 3082, 9058, 506, 1462, 
	590, 414, 502, 446, 558, 418, 562, 422, 
	554, 422, 534, 454, 530, 422, 554, 422, 
	562, 1462, 538, 418, 534, 442, 558, 418, 
	538, 446, 530, 446, 558, 422, 534, 454, 
	530, 1466, 534, 1466, 510, 1510, 530, 422, 
	562, 1462, 538, 466, 526, 1454, 530, 1462, 
	562, 442, 502, 446, 558, 422, 558, 1450, 
	562, 1454, 538, 1466, 534, 466, 526, 422, 
	530, 446, 562, 418, 530, 462, 530, 1466, 
	510, 490, 526, 430, 510, 1486, 510, 1490, 
	538, 466, 526, 422, 558, 418, 534, 1474, 
	534, 470, 498, 450, 558, 422, 530, 446, 
	562, 426, 534, 414, 534, 446, 558, 1470, 
	510, 1486, 534, 1466, 534, 1490, 502, 1000};
Do a cut-and-paste of the following lines into the 
designated location in rawSend.ino

//26
#define RAW_DATA_LEN 232
uint16_t rawData[RAW_DATA_LEN]={
	3114, 8874, 654, 438, 502, 1474, 562, 442, 
	526, 422, 558, 418, 562, 418, 562, 422, 
	538, 414, 562, 414, 562, 1446, 534, 442, 
	558, 418, 586, 1438, 514, 442, 562, 414, 
	562, 1466, 510, 1490, 534, 1462, 538, 1482, 
	534, 1466, 510, 494, 502, 446, 534, 442, 
	534, 446, 562, 430, 526, 422, 558, 418, 
	562, 414, 562, 422, 554, 422, 558, 422, 
	530, 454, 538, 414, 558, 422, 558, 422, 
	530, 446, 558, 422, 530, 446, 562, 430, 
	530, 418, 534, 438, 538, 446, 558, 422, 
	530, 446, 562, 426, 534, 418, 558, 418, 
	558, 422, 558, 422, 530, 446, 558, 422, 
	562, 426, 534, 1462, 534, 1462, 510, 1514, 
	510, 1490, 510, 2438, 3078, 9058, 506, 1462, 
	562, 442, 502, 446, 558, 422, 534, 442, 
	562, 418, 530, 462, 530, 418, 558, 418, 
	558, 1470, 534, 418, 558, 422, 554, 422, 
	554, 422, 562, 418, 538, 438, 562, 430, 
	506, 1490, 534, 1466, 510, 1510, 506, 446, 
	562, 1466, 502, 498, 502, 1474, 534, 1466, 
	562, 438, 530, 418, 534, 446, 558, 1450, 
	558, 1458, 510, 1490, 534, 470, 526, 426, 
	530, 446, 558, 418, 562, 426, 530, 422, 
	558, 1466, 534, 418, 586, 1442, 510, 1486, 
	510, 518, 478, 446, 530, 446, 538, 1474, 
	502, 498, 526, 422, 530, 446, 534, 446, 
	538, 454, 530, 442, 506, 446, 534, 1494, 
	506, 1490, 510, 1494, 534, 1486, 530, 1000};
Do a cut-and-paste of the following lines into the 
designated location in rawSend.ino


//27
#define RAW_DATA_LEN 232
uint16_t rawData[RAW_DATA_LEN]={
	3122, 8870, 622, 470, 530, 1450, 530, 466, 
	506, 446, 558, 418, 562, 414, 538, 454, 
	530, 422, 554, 422, 562, 1462, 534, 418, 
	538, 442, 558, 1470, 534, 418, 558, 422, 
	554, 1466, 538, 1462, 538, 1466, 558, 1458, 
	534, 1466, 534, 470, 526, 422, 558, 418, 
	534, 446, 530, 462, 530, 418, 558, 414, 
	538, 446, 530, 446, 562, 418, 558, 418, 
	538, 454, 530, 418, 534, 442, 558, 422, 
	562, 414, 538, 442, 538, 442, 558, 430, 
	530, 422, 530, 446, 534, 442, 562, 422, 
	530, 446, 558, 430, 530, 422, 558, 418, 
	534, 442, 538, 446, 530, 446, 558, 422, 
	558, 426, 510, 1486, 538, 1462, 538, 1486, 
	506, 1490, 534, 2414, 3082, 9058, 474, 1498, 
	558, 438, 530, 422, 558, 418, 586, 394, 
	558, 422, 558, 430, 506, 446, 558, 414, 
	562, 1470, 534, 414, 562, 422, 530, 446, 
	554, 1450, 562, 1458, 506, 1490, 542, 486, 
	482, 1474, 558, 1462, 534, 1466, 530, 466, 
	506, 1474, 534, 466, 502, 1498, 502, 1494, 
	534, 466, 530, 422, 558, 418, 562, 1446, 
	534, 1462, 538, 1486, 534, 470, 526, 426, 
	538, 414, 530, 446, 538, 438, 538, 1474, 
	558, 1462, 530, 474, 526, 1446, 538, 1466, 
	554, 442, 530, 422, 530, 446, 534, 1474, 
	530, 474, 526, 422, 554, 422, 534, 446, 
	562, 414, 562, 430, 530, 418, 558, 1470, 
	530, 1466, 534, 1466, 534, 1486, 534, 1000};
Do a cut-and-paste of the following lines into the 
designated location in rawSend.ino


//28
#define RAW_DATA_LEN 232
uint16_t rawData[RAW_DATA_LEN]={
	3062, 8898, 626, 466, 526, 1450, 534, 470, 
	526, 422, 558, 422, 530, 446, 562, 426, 
	506, 446, 558, 418, 558, 1470, 510, 442, 
	558, 418, 530, 1498, 506, 442, 538, 446, 
	530, 1494, 538, 1458, 538, 1466, 558, 1458, 
	538, 1462, 538, 466, 526, 422, 586, 390, 
	562, 418, 562, 430, 530, 418, 558, 418, 
	534, 446, 530, 446, 562, 418, 562, 418, 
	534, 454, 530, 422, 530, 446, 530, 446, 
	534, 446, 534, 446, 558, 418, 562, 426, 
	534, 418, 558, 418, 558, 422, 558, 422, 
	558, 418, 562, 430, 530, 418, 534, 446, 
	530, 446, 558, 418, 562, 418, 530, 446, 
	538, 454, 506, 1490, 534, 1466, 510, 1510, 
	534, 1466, 534, 2462, 3006, 9078, 506, 1466, 
	534, 470, 502, 450, 530, 446, 558, 418, 
	534, 446, 534, 454, 502, 446, 534, 446, 
	534, 1490, 538, 418, 558, 418, 558, 422, 
	558, 418, 558, 422, 534, 442, 562, 430, 
	530, 1466, 534, 1466, 534, 1482, 538, 418, 
	558, 1470, 530, 466, 534, 1446, 506, 1490, 
	562, 442, 506, 446, 530, 446, 558, 1450, 
	562, 1454, 510, 1494, 530, 466, 530, 422, 
	558, 418, 538, 442, 558, 430, 530, 446, 
	530, 422, 530, 1478, 558, 1462, 530, 1466, 
	534, 466, 534, 422, 554, 418, 538, 1474, 
	506, 518, 506, 418, 558, 418, 538, 442, 
	558, 430, 506, 446, 530, 446, 530, 1498, 
	510, 1490, 530, 1466, 534, 1486, 510, 1000};

** Fan 1 swing on **

// 23
#define RAW_DATA_LEN 232
uint16_t rawData[RAW_DATA_LEN]={
	3142, 8826, 650, 490, 526, 1422, 566, 462, 
	530, 418, 562, 394, 610, 390, 538, 426, 
	562, 414, 558, 394, 586, 1442, 566, 410, 
	566, 410, 562, 1438, 566, 414, 562, 418, 
	586, 1414, 562, 1434, 566, 1434, 566, 1458, 
	562, 1434, 562, 466, 554, 398, 558, 390, 
	586, 422, 562, 402, 558, 414, 562, 414, 
	562, 422, 554, 394, 586, 398, 582, 418, 
	562, 426, 538, 410, 562, 418, 558, 422, 
	562, 414, 562, 418, 538, 442, 558, 430, 
	534, 414, 558, 422, 558, 418, 562, 394, 
	582, 422, 558, 426, 514, 438, 558, 418, 
	534, 446, 562, 414, 562, 422, 558, 418, 
	562, 426, 562, 1410, 566, 1430, 566, 1454, 
	566, 1438, 586, 2334, 3134, 9030, 530, 1438, 
	590, 410, 582, 398, 558, 418, 562, 414, 
	566, 414, 562, 402, 558, 414, 562, 422, 
	558, 1442, 558, 418, 566, 410, 562, 1438, 
	566, 414, 562, 1434, 566, 1438, 562, 466, 
	530, 1418, 590, 1430, 562, 1438, 566, 458, 
	534, 1422, 566, 458, 534, 1438, 566, 1434, 
	562, 466, 554, 394, 562, 418, 558, 1422, 
	562, 1434, 594, 1430, 562, 462, 530, 430, 
	534, 418, 554, 422, 586, 394, 534, 1446, 
	590, 1430, 562, 1434, 566, 462, 530, 1426, 
	586, 434, 534, 1438, 566, 414, 566, 1434, 
	562, 462, 530, 422, 562, 426, 538, 410, 
	562, 418, 558, 422, 558, 418, 562, 1422, 
	558, 1462, 562, 1434, 566, 1434, 538, 1000};
Do a cut-and-paste of the following lines into the 
designated location in rawSend.ino

//24
#define RAW_DATA_LEN 232
uint16_t rawData[RAW_DATA_LEN]={
	3114, 8830, 666, 466, 534, 1422, 558, 466, 
	530, 418, 538, 414, 562, 442, 558, 430, 
	538, 414, 530, 446, 562, 1438, 542, 434, 
	542, 442, 554, 1446, 586, 390, 534, 442, 
	562, 1438, 594, 1410, 558, 1442, 586, 1430, 
	566, 1434, 562, 466, 526, 422, 534, 422, 
	582, 418, 562, 430, 534, 410, 538, 446, 
	586, 390, 558, 418, 566, 414, 562, 418, 
	562, 426, 534, 414, 562, 414, 562, 418, 
	562, 418, 534, 446, 558, 422, 558, 426, 
	562, 390, 558, 418, 562, 418, 562, 414, 
	586, 398, 558, 426, 510, 442, 558, 418, 
	562, 418, 562, 414, 562, 422, 558, 418, 
	562, 426, 534, 1438, 562, 1438, 562, 1454, 
	538, 1466, 558, 2362, 3134, 9030, 530, 1438, 
	566, 438, 554, 422, 554, 422, 562, 414, 
	562, 418, 562, 402, 534, 442, 558, 418, 
	558, 1442, 590, 390, 566, 410, 562, 418, 
	534, 446, 534, 442, 562, 418, 538, 450, 
	534, 1434, 566, 1438, 562, 1458, 562, 414, 
	562, 1438, 562, 462, 506, 1450, 558, 1438, 
	590, 438, 530, 422, 558, 418, 558, 1426, 
	586, 1430, 566, 1434, 562, 466, 530, 418, 
	558, 422, 562, 414, 562, 430, 534, 410, 
	562, 422, 558, 418, 562, 1422, 558, 1458, 
	562, 466, 526, 1430, 558, 462, 558, 1394, 
	566, 462, 530, 422, 554, 422, 558, 418, 
	562, 402, 562, 414, 582, 394, 562, 1442, 
	558, 1442, 586, 1410, 562, 1458, 566, 1000};
Do a cut-and-paste of the following lines into the 
designated location in rawSend.ino


//25
#define RAW_DATA_LEN 232
uint16_t rawData[RAW_DATA_LEN]={
	3118, 8826, 674, 462, 558, 1394, 586, 438, 
	506, 446, 586, 390, 562, 422, 558, 426, 
	534, 418, 586, 390, 558, 1442, 562, 418, 
	590, 386, 562, 1438, 566, 414, 562, 418, 
	558, 1438, 566, 1434, 566, 1438, 562, 1458, 
	562, 1434, 566, 462, 526, 422, 586, 390, 
	566, 414, 562, 402, 558, 418, 558, 418, 
	590, 390, 562, 414, 562, 418, 562, 418, 
	558, 430, 534, 414, 558, 422, 562, 414, 
	562, 422, 558, 418, 558, 422, 530, 454, 
	538, 414, 558, 418, 562, 422, 554, 422, 
	558, 418, 562, 426, 562, 390, 558, 418, 
	562, 418, 558, 422, 586, 390, 562, 418, 
	558, 430, 534, 1434, 594, 1410, 558, 1462, 
	562, 1434, 566, 2358, 3106, 9058, 530, 1438, 
	590, 438, 530, 422, 554, 422, 586, 390, 
	534, 446, 586, 402, 538, 414, 558, 418, 
	558, 1442, 562, 418, 562, 414, 562, 414, 
	562, 1422, 590, 1430, 558, 1442, 558, 470, 
	530, 1422, 586, 1434, 558, 1438, 558, 470, 
	530, 1422, 586, 438, 530, 1442, 566, 1434, 
	562, 466, 558, 390, 558, 422, 562, 1418, 
	558, 1442, 586, 1430, 566, 462, 530, 426, 
	538, 414, 586, 390, 562, 418, 538, 1442, 
	590, 438, 534, 418, 558, 1422, 562, 1458, 
	562, 462, 534, 1422, 586, 438, 530, 1422, 
	562, 462, 530, 422, 558, 418, 562, 418, 
	558, 422, 558, 426, 538, 414, 558, 1442, 
	562, 1438, 562, 1438, 586, 1434, 538, 1000};
Do a cut-and-paste of the following lines into the 
designated location in rawSend.ino


//26
#define RAW_DATA_LEN 232
uint16_t rawData[RAW_DATA_LEN]={
	3062, 8902, 622, 470, 530, 1418, 562, 466, 
	530, 418, 562, 394, 558, 442, 562, 430, 
	510, 438, 558, 422, 554, 1446, 562, 414, 
	562, 414, 562, 1438, 566, 418, 558, 418, 
	534, 1466, 562, 1438, 562, 1434, 590, 1434, 
	558, 1438, 566, 462, 554, 398, 558, 418, 
	558, 422, 558, 430, 534, 414, 562, 414, 
	562, 422, 554, 422, 534, 442, 562, 418, 
	562, 430, 534, 410, 562, 418, 558, 422, 
	534, 442, 534, 446, 562, 414, 562, 430, 
	510, 442, 582, 394, 562, 414, 534, 446, 
	534, 446, 558, 430, 534, 414, 558, 418, 
	562, 418, 562, 414, 562, 422, 554, 422, 
	562, 426, 538, 1434, 562, 1438, 562, 1482, 
	514, 1462, 558, 2362, 3134, 9054, 510, 1434, 
	590, 438, 506, 442, 562, 418, 562, 414, 
	590, 394, 558, 426, 534, 418, 554, 422, 
	586, 1414, 538, 438, 566, 418, 554, 422, 
	562, 1422, 586, 1430, 562, 1438, 562, 462, 
	534, 1422, 558, 1462, 534, 1462, 562, 466, 
	534, 1418, 562, 462, 534, 1442, 558, 1442, 
	558, 462, 534, 418, 562, 418, 558, 1422, 
	586, 1414, 562, 1458, 562, 462, 530, 430, 
	534, 418, 554, 422, 562, 414, 562, 418, 
	562, 1422, 558, 466, 530, 1422, 562, 1458, 
	562, 466, 526, 1426, 558, 466, 526, 1450, 
	514, 486, 534, 418, 558, 418, 562, 418, 
	558, 422, 562, 426, 538, 410, 562, 1438, 
	562, 1438, 562, 1434, 590, 1434, 558, 1000};
Do a cut-and-paste of the following lines into the 
designated location in rawSend.ino


//27
#define RAW_DATA_LEN 232
uint16_t rawData[RAW_DATA_LEN]={
	3086, 8854, 670, 462, 558, 1398, 558, 470, 
	526, 418, 562, 422, 554, 422, 562, 426, 
	538, 410, 562, 418, 558, 1442, 562, 418, 
	562, 414, 534, 1466, 534, 446, 562, 414, 
	562, 1442, 558, 1442, 558, 1438, 590, 1430, 
	562, 1434, 542, 486, 558, 394, 562, 414, 
	562, 418, 558, 430, 510, 442, 530, 446, 
	562, 414, 562, 418, 562, 418, 558, 422, 
	534, 450, 534, 418, 558, 418, 562, 422, 
	530, 446, 534, 442, 562, 418, 562, 426, 
	534, 414, 562, 418, 558, 422, 558, 418, 
	562, 418, 562, 426, 534, 414, 562, 418, 
	558, 422, 534, 442, 562, 418, 558, 422, 
	558, 430, 534, 1438, 558, 1438, 562, 1458, 
	534, 1466, 562, 2362, 3126, 9038, 530, 1434, 
	594, 434, 534, 418, 558, 422, 558, 418, 
	558, 422, 534, 454, 530, 418, 586, 390, 
	562, 1442, 562, 414, 562, 418, 558, 1446, 
	558, 418, 562, 1438, 562, 1434, 562, 466, 
	530, 1422, 586, 1434, 558, 1442, 558, 466, 
	530, 1422, 562, 462, 530, 1446, 558, 1442, 
	558, 466, 554, 398, 558, 418, 562, 1418, 
	562, 1442, 586, 1434, 534, 490, 558, 398, 
	534, 418, 558, 418, 558, 422, 586, 1398, 
	586, 1430, 562, 466, 526, 1450, 538, 1438, 
	558, 466, 534, 1438, 562, 414, 594, 1410, 
	534, 494, 530, 414, 562, 430, 534, 414, 
	558, 422, 534, 442, 558, 422, 534, 1450, 
	558, 1458, 562, 1438, 562, 1434, 566, 1000};
Do a cut-and-paste of the following lines into the 
designated location in rawSend.ino


//28
#define RAW_DATA_LEN 232
uint16_t rawData[RAW_DATA_LEN]={
	3110, 8830, 670, 470, 530, 1418, 534, 494, 
	530, 418, 586, 394, 586, 390, 562, 426, 
	538, 414, 558, 418, 562, 1442, 558, 418, 
	562, 418, 530, 1470, 562, 414, 562, 418, 
	586, 1414, 562, 1438, 558, 1442, 586, 1430, 
	538, 1462, 562, 466, 526, 422, 586, 390, 
	566, 414, 562, 430, 506, 442, 586, 390, 
	558, 422, 562, 414, 562, 422, 558, 418, 
	586, 402, 530, 422, 554, 422, 562, 414, 
	538, 442, 562, 418, 558, 418, 562, 426, 
	510, 442, 558, 418, 562, 418, 558, 422, 
	562, 414, 562, 430, 534, 414, 558, 422, 
	558, 418, 586, 394, 530, 446, 562, 418, 
	558, 430, 510, 1458, 566, 1438, 558, 1462, 
	534, 1462, 542, 2382, 3106, 9082, 506, 1438, 
	594, 430, 534, 418, 562, 414, 562, 422, 
	558, 418, 558, 430, 534, 418, 554, 422, 
	562, 1442, 562, 410, 590, 394, 530, 446, 
	558, 1426, 558, 1482, 542, 1434, 562, 466, 
	526, 1422, 590, 1434, 558, 1442, 534, 490, 
	530, 1450, 538, 458, 530, 1446, 558, 1438, 
	534, 494, 530, 422, 530, 446, 534, 1470, 
	538, 1438, 590, 1430, 538, 486, 530, 430, 
	534, 418, 558, 418, 534, 442, 562, 422, 
	558, 418, 534, 1450, 558, 1438, 590, 1430, 
	534, 494, 526, 1422, 562, 470, 526, 1446, 
	538, 466, 526, 422, 534, 446, 534, 442, 
	534, 446, 558, 430, 534, 418, 554, 1446, 
	558, 1438, 562, 1438, 590, 1430, 562, 1000};

** Fan 2 swing on **

//23
#define RAW_DATA_LEN 232
uint16_t rawData[RAW_DATA_LEN]={
	3066, 8882, 646, 518, 454, 1470, 534, 518, 
	454, 474, 530, 446, 506, 474, 506, 506, 
	454, 470, 530, 446, 506, 1494, 538, 442, 
	534, 446, 530, 1466, 510, 470, 510, 470, 
	502, 1498, 534, 1462, 510, 1490, 538, 1482, 
	538, 1462, 506, 546, 454, 470, 506, 470, 
	538, 446, 506, 482, 478, 470, 530, 446, 
	510, 474, 502, 474, 506, 474, 506, 470, 
	506, 506, 458, 466, 506, 474, 534, 446, 
	506, 470, 510, 470, 506, 474, 506, 506, 
	482, 446, 498, 478, 530, 446, 506, 474, 
	506, 474, 502, 506, 486, 466, 482, 470, 
	510, 470, 506, 474, 506, 474, 506, 470, 
	510, 506, 478, 1462, 514, 1486, 534, 1490, 
	506, 1490, 506, 2414, 3082, 9082, 482, 1486, 
	538, 518, 450, 478, 506, 470, 506, 470, 
	510, 474, 502, 506, 458, 494, 478, 474, 
	510, 1490, 534, 446, 506, 470, 506, 1494, 
	510, 494, 510, 1466, 510, 1486, 514, 538, 
	454, 1474, 538, 1482, 506, 1494, 534, 518, 
	454, 1474, 534, 518, 450, 1490, 538, 1462, 
	510, 546, 454, 470, 506, 470, 538, 1442, 
	510, 1490, 534, 1490, 562, 434, 506, 506, 
	458, 494, 478, 474, 506, 474, 506, 1474, 
	534, 1482, 534, 1466, 538, 518, 450, 1474, 
	534, 518, 450, 478, 502, 1474, 538, 1482, 
	534, 518, 450, 478, 506, 506, 478, 446, 
	506, 470, 506, 470, 510, 474, 506, 1470, 
	510, 1510, 534, 1462, 514, 1486, 538, 1000};
Do a cut-and-paste of the following lines into the 
designated location in rawSend.ino

//24
#define RAW_DATA_LEN 232
uint16_t rawData[RAW_DATA_LEN]={
	3090, 8854, 674, 462, 530, 1418, 566, 462, 
	526, 422, 534, 422, 586, 418, 534, 454, 
	534, 414, 562, 414, 542, 1458, 590, 394, 
	590, 386, 562, 1438, 566, 410, 590, 390, 
	534, 1466, 562, 1438, 562, 1434, 570, 1454, 
	562, 1438, 586, 438, 530, 422, 558, 418, 
	586, 394, 562, 402, 530, 442, 562, 414, 
	562, 422, 558, 418, 534, 442, 542, 442, 
	558, 406, 582, 390, 534, 442, 562, 418, 
	562, 414, 562, 422, 558, 418, 562, 402, 
	558, 414, 586, 390, 566, 418, 558, 418, 
	562, 418, 562, 402, 558, 414, 558, 422, 
	558, 422, 562, 414, 562, 414, 538, 446, 
	558, 426, 562, 1410, 566, 1434, 562, 1462, 
	558, 1438, 590, 2330, 3110, 9082, 502, 1438, 
	594, 410, 530, 446, 534, 442, 562, 418, 
	558, 422, 558, 406, 554, 418, 562, 414, 
	562, 1438, 594, 386, 562, 418, 534, 442, 
	562, 422, 534, 442, 562, 414, 562, 430, 
	534, 1434, 586, 1410, 566, 1458, 562, 414, 
	566, 1438, 562, 466, 530, 1418, 562, 1438, 
	586, 438, 506, 446, 562, 414, 562, 1422, 
	586, 1434, 558, 1438, 590, 438, 502, 446, 
	562, 418, 538, 442, 586, 402, 506, 442, 
	558, 418, 562, 418, 562, 1422, 562, 1454, 
	566, 462, 530, 430, 534, 1438, 558, 1442, 
	558, 466, 502, 450, 558, 414, 566, 418, 
	558, 406, 554, 418, 558, 422, 562, 1438, 
	562, 1434, 566, 1434, 594, 1430, 562, 1000};
Do a cut-and-paste of the following lines into the 
designated location in rawSend.ino

//25 
#define RAW_DATA_LEN 232
uint16_t rawData[RAW_DATA_LEN]={
	3090, 8854, 674, 462, 530, 1418, 566, 462, 
	506, 442, 562, 418, 562, 418, 534, 454, 
	534, 414, 558, 422, 562, 1438, 538, 438, 
	566, 414, 558, 1442, 590, 386, 570, 410, 
	562, 1442, 590, 1406, 562, 1438, 590, 1430, 
	566, 1430, 566, 462, 534, 418, 534, 442, 
	586, 394, 558, 430, 534, 418, 558, 418, 
	562, 414, 566, 418, 558, 418, 562, 414, 
	562, 402, 586, 390, 558, 422, 558, 418, 
	558, 422, 534, 442, 562, 418, 562, 402, 
	558, 418, 554, 422, 562, 414, 562, 422, 
	558, 418, 562, 402, 562, 410, 562, 418, 
	562, 418, 558, 418, 558, 422, 562, 414, 
	538, 426, 538, 1462, 562, 1434, 562, 1458, 
	534, 1466, 566, 2358, 3106, 9058, 530, 1438, 
	562, 438, 558, 418, 558, 422, 558, 418, 
	562, 418, 562, 402, 558, 418, 530, 446, 
	558, 1442, 566, 410, 566, 414, 558, 422, 
	558, 1418, 594, 1430, 562, 1434, 538, 490, 
	530, 1418, 566, 1458, 562, 1434, 566, 462, 
	530, 1426, 562, 462, 530, 1438, 566, 1434, 
	562, 470, 530, 414, 566, 418, 558, 1418, 
	566, 1438, 590, 1426, 590, 438, 530, 430, 
	534, 414, 558, 422, 562, 414, 562, 1418, 
	566, 438, 554, 422, 558, 1422, 590, 1426, 
	566, 462, 530, 422, 562, 1418, 558, 1438, 
	590, 438, 530, 422, 558, 418, 562, 414, 
	590, 390, 586, 406, 530, 418, 586, 1414, 
	562, 1434, 566, 1434, 590, 1434, 562, 1000};
Do a cut-and-paste of the following lines into the 
designated location in rawSend.ino

//26
#define RAW_DATA_LEN 232
uint16_t rawData[RAW_DATA_LEN]={
	3162, 8870, 630, 462, 534, 1422, 558, 466, 
	502, 446, 562, 418, 586, 394, 562, 422, 
	534, 418, 558, 418, 562, 1438, 566, 414, 
	562, 418, 558, 1442, 562, 414, 566, 410, 
	586, 1414, 566, 1438, 562, 1438, 558, 1462, 
	562, 1434, 562, 466, 530, 418, 558, 422, 
	562, 414, 534, 458, 534, 414, 558, 422, 
	534, 442, 534, 446, 562, 414, 562, 418, 
	586, 402, 534, 414, 586, 394, 558, 422, 
	586, 390, 562, 418, 534, 442, 562, 402, 
	558, 422, 554, 422, 558, 418, 562, 418, 
	562, 414, 562, 430, 530, 422, 554, 422, 
	558, 418, 562, 414, 562, 422, 558, 422, 
	558, 426, 534, 1438, 562, 1438, 558, 1462, 
	562, 1434, 566, 2358, 3110, 9082, 506, 1438, 
	562, 462, 530, 422, 558, 418, 538, 442, 
	558, 422, 562, 402, 558, 414, 562, 414, 
	534, 1470, 562, 414, 562, 418, 558, 418, 
	558, 1426, 590, 1430, 562, 1434, 566, 462, 
	558, 1394, 562, 1458, 590, 1410, 558, 470, 
	530, 1418, 590, 438, 506, 1466, 590, 1410, 
	562, 466, 530, 418, 562, 414, 562, 1422, 
	562, 1434, 590, 1434, 558, 466, 530, 430, 
	534, 414, 562, 414, 562, 422, 558, 418, 
	562, 1422, 586, 438, 530, 1422, 590, 1430, 
	562, 462, 558, 394, 562, 1418, 538, 1462, 
	562, 466, 530, 422, 554, 422, 586, 390, 
	562, 422, 558, 426, 534, 414, 562, 1438, 
	562, 1442, 558, 1442, 558, 1462, 586, 1000};
Do a cut-and-paste of the following lines into the 
designated location in rawSend.ino

//27
#define RAW_DATA_LEN 232
uint16_t rawData[RAW_DATA_LEN]={
	3090, 8854, 670, 466, 502, 1446, 566, 462, 
	530, 422, 554, 422, 562, 414, 562, 402, 
	586, 394, 554, 422, 534, 1466, 562, 414, 
	566, 410, 562, 1442, 590, 386, 566, 414, 
	530, 1470, 562, 1434, 590, 1414, 562, 1458, 
	562, 1434, 590, 438, 506, 442, 562, 418, 
	534, 442, 538, 454, 534, 414, 534, 446, 
	558, 418, 562, 418, 586, 394, 558, 418, 
	590, 398, 534, 418, 554, 422, 562, 414, 
	562, 422, 586, 390, 558, 422, 562, 402, 
	558, 414, 586, 390, 562, 422, 558, 418, 
	562, 414, 566, 422, 538, 414, 558, 418, 
	562, 418, 538, 442, 586, 390, 562, 418, 
	562, 426, 534, 1434, 566, 1434, 538, 1486, 
	562, 1438, 562, 2358, 3106, 9086, 506, 1434, 
	590, 438, 530, 422, 554, 422, 562, 414, 
	562, 418, 562, 426, 534, 418, 558, 418, 
	538, 1466, 586, 390, 566, 410, 562, 1438, 
	566, 414, 562, 1438, 566, 1434, 562, 466, 
	506, 1442, 566, 1458, 558, 1438, 566, 462, 
	530, 1422, 586, 438, 534, 1438, 566, 1434, 
	562, 466, 526, 422, 562, 414, 562, 1422, 
	562, 1434, 570, 1454, 538, 490, 530, 422, 
	538, 414, 562, 418, 558, 422, 558, 1422, 
	562, 1458, 562, 462, 530, 1422, 562, 1442, 
	562, 458, 534, 418, 562, 1422, 586, 1434, 
	558, 462, 534, 418, 562, 426, 534, 414, 
	562, 418, 586, 394, 562, 414, 562, 1422, 
	562, 1454, 566, 1438, 558, 1438, 562, 1000};
Do a cut-and-paste of the following lines into the 
designated location in rawSend.ino

//28
#define RAW_DATA_LEN 232
uint16_t rawData[RAW_DATA_LEN]={
	3114, 8874, 654, 434, 534, 1422, 554, 470, 
	530, 422, 558, 418, 562, 414, 586, 406, 
	558, 390, 558, 422, 558, 1442, 534, 442, 
	562, 418, 558, 1438, 566, 414, 562, 418, 
	558, 1442, 590, 1410, 558, 1438, 590, 1430, 
	562, 1438, 562, 462, 534, 418, 562, 414, 
	562, 422, 558, 426, 534, 418, 586, 390, 
	562, 418, 562, 414, 562, 422, 534, 442, 
	562, 430, 558, 386, 562, 418, 562, 418, 
	558, 418, 562, 418, 562, 414, 562, 430, 
	534, 414, 558, 422, 586, 390, 586, 394, 
	562, 414, 562, 426, 538, 414, 562, 414, 
	562, 418, 562, 418, 558, 422, 558, 418, 
	558, 430, 534, 1438, 562, 1434, 538, 1486, 
	558, 1442, 558, 2362, 3130, 9062, 502, 1438, 
	590, 438, 530, 422, 534, 442, 558, 422, 
	562, 414, 562, 430, 534, 410, 562, 418, 
	590, 1414, 558, 418, 538, 438, 562, 418, 
	562, 1422, 586, 1430, 562, 1434, 566, 466, 
	530, 1422, 562, 1454, 562, 1438, 562, 462, 
	530, 1426, 586, 442, 530, 1438, 562, 1438, 
	562, 462, 558, 394, 562, 414, 562, 1422, 
	562, 1434, 566, 1458, 558, 470, 526, 430, 
	534, 414, 534, 446, 586, 394, 558, 418, 
	562, 418, 562, 1418, 586, 1414, 586, 1434, 
	562, 466, 530, 418, 558, 1422, 562, 1438, 
	562, 462, 530, 422, 586, 390, 562, 418, 
	562, 414, 562, 430, 534, 418, 554, 1446, 
	558, 1438, 562, 1438, 590, 1430, 562, 1000};

** Fan 3 swing on **

//23
#define RAW_DATA_LEN 232
uint16_t rawData[RAW_DATA_LEN]={
	3130, 8866, 606, 518, 482, 1470, 510, 518, 
	502, 446, 534, 446, 534, 446, 530, 454, 
	510, 442, 530, 446, 534, 1466, 514, 470, 
	534, 442, 530, 1470, 534, 446, 506, 470, 
	530, 1466, 514, 1486, 510, 1490, 566, 1454, 
	514, 1486, 534, 494, 478, 474, 530, 446, 
	534, 446, 530, 454, 486, 466, 530, 446, 
	510, 474, 530, 446, 510, 466, 534, 446, 
	506, 486, 502, 446, 502, 474, 534, 446, 
	506, 470, 534, 446, 530, 446, 538, 454, 
	478, 474, 530, 446, 530, 446, 534, 446, 
	530, 450, 506, 482, 506, 446, 502, 474, 
	530, 446, 510, 470, 530, 450, 502, 478, 
	530, 454, 482, 1490, 534, 1462, 514, 1506, 
	510, 1490, 538, 2386, 3078, 9082, 510, 1462, 
	538, 490, 502, 446, 506, 474, 506, 474, 
	506, 470, 534, 454, 506, 446, 530, 446, 
	506, 1490, 542, 446, 502, 474, 530, 446, 
	506, 474, 530, 1446, 514, 1506, 510, 518, 
	502, 1450, 538, 1462, 510, 1510, 510, 518, 
	502, 1446, 538, 490, 502, 1450, 534, 1486, 
	534, 442, 510, 470, 506, 446, 530, 1478, 
	534, 1482, 510, 1490, 510, 518, 478, 474, 
	530, 446, 510, 470, 530, 458, 478, 1490, 
	510, 1490, 534, 1486, 510, 470, 510, 1486, 
	538, 1462, 510, 522, 502, 1442, 542, 1482, 
	506, 522, 478, 470, 534, 454, 510, 442, 
	502, 474, 510, 470, 530, 446, 534, 1446, 
	534, 1486, 510, 1486, 542, 1462, 534, 1000};
Do a cut-and-paste of the following lines into the 
designated location in rawSend.ino

//24
#define RAW_DATA_LEN 232
uint16_t rawData[RAW_DATA_LEN]={
	3090, 8926, 598, 494, 474, 1474, 534, 518, 
	454, 474, 530, 446, 510, 466, 510, 482, 
	502, 446, 534, 446, 502, 1498, 534, 446, 
	506, 470, 530, 1466, 514, 466, 538, 438, 
	510, 1494, 534, 1466, 534, 1462, 538, 1482, 
	534, 1466, 534, 518, 454, 474, 530, 446, 
	510, 466, 534, 458, 502, 450, 530, 446, 
	502, 474, 534, 446, 506, 470, 534, 446, 
	506, 486, 478, 474, 498, 474, 510, 470, 
	506, 470, 534, 446, 506, 470, 538, 478, 
	482, 446, 502, 474, 506, 470, 510, 470, 
	506, 474, 506, 482, 506, 446, 506, 470, 
	506, 470, 510, 470, 534, 446, 506, 474, 
	530, 478, 454, 1494, 534, 1466, 534, 1482, 
	510, 1490, 534, 2390, 3078, 9086, 478, 1490, 
	562, 490, 454, 470, 506, 474, 506, 474, 
	506, 470, 510, 506, 478, 446, 506, 474, 
	502, 1494, 538, 446, 530, 446, 506, 470, 
	510, 1470, 538, 1482, 534, 1462, 514, 542, 
	454, 1474, 534, 1482, 534, 1466, 534, 518, 
	454, 1470, 538, 490, 482, 1490, 534, 1466, 
	534, 518, 454, 474, 530, 446, 510, 1470, 
	534, 1466, 534, 1482, 514, 518, 474, 482, 
	478, 474, 530, 446, 510, 470, 530, 446, 
	510, 474, 530, 446, 510, 1470, 506, 1494, 
	534, 1486, 510, 518, 498, 1450, 534, 1462, 
	538, 494, 502, 446, 510, 470, 530, 446, 
	510, 474, 530, 458, 478, 466, 506, 1490, 
	514, 1490, 506, 1494, 538, 1478, 514, 1000};
Do a cut-and-paste of the following lines into the 
designated location in rawSend.ino

//25
#define RAW_DATA_LEN 232
uint16_t rawData[RAW_DATA_LEN]={
	3094, 8866, 634, 490, 502, 1450, 534, 494, 
	478, 474, 530, 446, 510, 470, 530, 454, 
	510, 442, 530, 446, 510, 1490, 538, 442, 
	506, 474, 530, 1466, 538, 442, 534, 442, 
	538, 1462, 538, 1466, 534, 1462, 538, 1482, 
	534, 1462, 538, 494, 502, 446, 534, 446, 
	530, 446, 538, 454, 478, 470, 534, 446, 
	530, 446, 534, 446, 506, 470, 534, 450, 
	530, 454, 482, 470, 530, 446, 510, 470, 
	530, 446, 510, 470, 534, 446, 506, 482, 
	506, 442, 506, 474, 530, 446, 534, 442, 
	538, 446, 506, 482, 506, 446, 502, 474, 
	530, 446, 510, 466, 538, 446, 502, 474, 
	534, 454, 478, 1494, 534, 1462, 538, 1482, 
	510, 1490, 538, 2386, 3078, 9082, 506, 1466, 
	534, 494, 502, 450, 530, 446, 506, 470, 
	534, 446, 506, 482, 510, 442, 530, 446, 
	534, 1466, 514, 466, 534, 442, 510, 1490, 
	538, 446, 534, 1462, 506, 1494, 534, 494, 
	478, 1470, 538, 1482, 538, 1462, 510, 514, 
	482, 1470, 538, 490, 478, 1494, 538, 1462, 
	506, 522, 478, 470, 530, 450, 534, 1442, 
	514, 1486, 542, 1482, 534, 494, 502, 454, 
	510, 438, 506, 474, 506, 474, 530, 1450, 
	534, 494, 498, 450, 534, 1442, 538, 1486, 
	534, 1462, 538, 494, 474, 1474, 538, 1478, 
	514, 514, 506, 446, 534, 458, 502, 442, 
	506, 474, 534, 446, 510, 466, 534, 1450, 
	510, 1506, 534, 1466, 534, 1462, 514, 1000};
Do a cut-and-paste of the following lines into the 
designated location in rawSend.ino


//26
#define RAW_DATA_LEN 232
uint16_t rawData[RAW_DATA_LEN]={
	3018, 9090, 402, 622, 350, 1602, 406, 622, 
	346, 658, 326, 654, 322, 630, 350, 610, 
	374, 602, 350, 630, 346, 1622, 410, 598, 
	378, 598, 354, 1622, 406, 602, 374, 626, 
	350, 1594, 406, 1594, 410, 1566, 454, 1562, 
	434, 1566, 458, 546, 426, 550, 478, 498, 
	458, 466, 538, 454, 506, 446, 502, 474, 
	530, 446, 534, 446, 530, 446, 534, 450, 
	530, 454, 478, 474, 530, 446, 534, 446, 
	530, 446, 510, 470, 534, 446, 534, 454, 
	506, 442, 506, 470, 534, 446, 506, 470, 
	538, 446, 510, 474, 510, 442, 530, 446, 
	534, 446, 510, 466, 538, 446, 530, 446, 
	534, 454, 506, 1466, 534, 1462, 538, 1482, 
	534, 1466, 534, 2390, 3078, 9082, 482, 1490, 
	538, 490, 478, 474, 530, 446, 510, 470, 
	530, 446, 534, 454, 506, 442, 510, 470, 
	530, 1466, 542, 442, 510, 470, 530, 1466, 
	538, 442, 534, 1462, 538, 1462, 514, 514, 
	506, 1446, 534, 1486, 506, 1494, 534, 494, 
	478, 1470, 566, 462, 478, 1490, 514, 1490, 
	534, 494, 498, 450, 530, 450, 502, 1474, 
	514, 1486, 542, 1478, 514, 514, 502, 458, 
	506, 442, 530, 450, 506, 474, 530, 446, 
	534, 1446, 534, 494, 478, 1470, 566, 1458, 
	534, 1458, 542, 490, 502, 1450, 534, 1482, 
	514, 514, 478, 474, 506, 482, 506, 442, 
	506, 470, 534, 446, 506, 474, 534, 1442, 
	514, 1510, 534, 1466, 534, 1462, 514, 1000};
Do a cut-and-paste of the following lines into the 
designated location in rawSend.ino


//27
#define RAW_DATA_LEN 232
uint16_t rawData[RAW_DATA_LEN]={
	3090, 8890, 634, 494, 502, 1446, 534, 494, 
	502, 446, 534, 446, 506, 470, 510, 482, 
	506, 438, 534, 422, 558, 1466, 538, 442, 
	534, 442, 534, 1466, 510, 470, 538, 442, 
	530, 1466, 538, 1462, 538, 1462, 542, 1478, 
	510, 1490, 514, 514, 502, 450, 530, 446, 
	534, 446, 530, 454, 482, 470, 530, 422, 
	534, 466, 538, 446, 506, 470, 534, 446, 
	506, 486, 502, 442, 506, 474, 506, 474, 
	506, 470, 534, 446, 506, 470, 510, 482, 
	506, 446, 502, 474, 530, 446, 510, 470, 
	534, 446, 506, 482, 506, 442, 530, 450, 
	530, 446, 530, 446, 538, 446, 502, 474, 
	534, 454, 506, 1466, 534, 1462, 538, 1482, 
	538, 1462, 510, 2414, 3082, 9082, 474, 1494, 
	562, 466, 478, 474, 530, 446, 510, 470, 
	530, 446, 506, 486, 502, 442, 510, 470, 
	534, 1466, 538, 442, 534, 442, 530, 454, 
	502, 474, 510, 1466, 538, 1486, 510, 518, 
	502, 1446, 510, 1486, 542, 1482, 534, 494, 
	478, 1470, 534, 494, 478, 1470, 514, 1510, 
	534, 442, 538, 442, 530, 446, 510, 1470, 
	566, 1458, 534, 1462, 510, 518, 506, 446, 
	530, 446, 534, 446, 530, 454, 510, 1462, 
	510, 1490, 538, 490, 502, 1446, 566, 1458, 
	534, 1462, 514, 514, 506, 1446, 562, 1458, 
	538, 490, 478, 470, 534, 454, 510, 438, 
	534, 446, 510, 470, 530, 446, 510, 1470, 
	534, 1486, 510, 1486, 542, 1458, 514, 1000};
Do a cut-and-paste of the following lines into the 
designated location in rawSend.ino


//28
#define RAW_DATA_LEN 232
uint16_t rawData[RAW_DATA_LEN]={
	3118, 8866, 634, 490, 506, 1442, 542, 486, 
	506, 446, 506, 470, 538, 446, 502, 486, 
	506, 442, 502, 474, 534, 1466, 538, 442, 
	534, 442, 530, 1470, 542, 442, 534, 442, 
	530, 1470, 534, 1462, 538, 1462, 538, 1482, 
	534, 1466, 534, 494, 502, 446, 506, 474, 
	530, 446, 538, 454, 502, 446, 506, 474, 
	530, 446, 510, 470, 530, 446, 534, 450, 
	530, 454, 478, 474, 530, 446, 534, 446, 
	530, 446, 506, 470, 538, 446, 502, 486, 
	506, 442, 530, 446, 534, 446, 534, 446, 
	534, 446, 506, 478, 478, 474, 530, 446, 
	510, 470, 534, 446, 506, 474, 530, 446, 
	534, 454, 482, 1486, 538, 1462, 538, 1482, 
	538, 1458, 542, 2386, 3082, 9082, 506, 1462, 
	562, 466, 502, 446, 534, 446, 534, 446, 
	506, 470, 534, 458, 502, 446, 530, 446, 
	506, 1498, 534, 442, 538, 442, 530, 1466, 
	538, 442, 534, 1466, 538, 1458, 542, 486, 
	506, 1450, 534, 1482, 510, 1490, 538, 490, 
	502, 1446, 566, 462, 506, 1466, 538, 1462, 
	538, 490, 502, 446, 506, 474, 534, 1446, 
	538, 1458, 566, 1458, 534, 494, 498, 462, 
	502, 446, 526, 454, 530, 446, 534, 446, 
	530, 446, 506, 1474, 510, 1490, 566, 1450, 
	542, 1458, 514, 514, 506, 1446, 562, 1458, 
	510, 518, 478, 474, 530, 454, 510, 442, 
	502, 474, 510, 470, 506, 470, 534, 1446, 
	514, 1506, 538, 1462, 538, 1462, 538, 1000};


** Fan 1 swing off **


//23
#define RAW_DATA_LEN 232
uint16_t rawData[RAW_DATA_LEN]={
	3134, 8866, 606, 518, 502, 1450, 506, 522, 
	498, 446, 510, 474, 530, 446, 506, 482, 
	506, 446, 506, 470, 530, 1466, 542, 442, 
	534, 442, 506, 1494, 534, 446, 510, 466, 
	534, 1466, 538, 1462, 534, 1462, 566, 1454, 
	538, 1466, 534, 494, 498, 446, 538, 446, 
	530, 446, 506, 482, 506, 446, 502, 470, 
	538, 446, 530, 446, 534, 446, 530, 450, 
	506, 482, 506, 446, 526, 450, 530, 446, 
	510, 466, 534, 446, 506, 474, 534, 454, 
	506, 446, 530, 446, 506, 470, 538, 446, 
	530, 446, 510, 478, 482, 470, 506, 470, 
	530, 446, 510, 474, 530, 446, 510, 470, 
	530, 454, 482, 1490, 514, 1486, 534, 1486, 
	510, 1490, 510, 2410, 3082, 9082, 506, 1462, 
	570, 430, 534, 446, 502, 478, 530, 446, 
	506, 470, 510, 482, 506, 446, 530, 446, 
	506, 1490, 538, 442, 510, 470, 506, 1494, 
	506, 1494, 538, 490, 498, 1450, 534, 494, 
	478, 1474, 562, 1454, 486, 1514, 510, 1514, 
	534, 1462, 486, 1514, 566, 1450, 542, 1458, 
	510, 518, 502, 450, 530, 450, 502, 1474, 
	510, 1494, 562, 1454, 514, 514, 506, 446, 
	506, 478, 482, 470, 530, 446, 510, 1470, 
	538, 1486, 482, 1514, 538, 490, 502, 1454, 
	534, 486, 506, 1466, 538, 494, 498, 1450, 
	534, 494, 502, 450, 506, 478, 482, 470, 
	506, 470, 530, 446, 506, 478, 530, 1442, 
	542, 1482, 510, 1486, 538, 1462, 570, 1000};
Do a cut-and-paste of the following lines into the 
designated location in rawSend.ino


//24
#define RAW_DATA_LEN 232
uint16_t rawData[RAW_DATA_LEN]={
	3134, 8866, 634, 490, 502, 1446, 510, 522, 
	502, 446, 506, 470, 534, 446, 506, 486, 
	478, 474, 526, 450, 530, 1466, 510, 470, 
	534, 442, 510, 1490, 534, 446, 538, 442, 
	530, 1466, 538, 1462, 514, 1486, 538, 1478, 
	542, 1458, 510, 518, 482, 470, 530, 446, 
	538, 446, 502, 482, 478, 474, 530, 446, 
	534, 446, 506, 470, 510, 474, 530, 446, 
	510, 478, 506, 446, 502, 474, 506, 470, 
	506, 478, 530, 446, 510, 466, 534, 454, 
	482, 470, 530, 446, 506, 478, 530, 446, 
	502, 474, 534, 454, 482, 470, 506, 470, 
	506, 470, 510, 474, 530, 446, 510, 470, 
	506, 478, 486, 1486, 510, 1490, 542, 1478, 
	538, 1462, 506, 2414, 3106, 9058, 478, 1490, 
	566, 462, 502, 450, 506, 446, 534, 446, 
	558, 446, 530, 458, 506, 442, 530, 450, 
	530, 1466, 514, 466, 542, 438, 502, 1498, 
	538, 442, 534, 1462, 538, 1462, 510, 518, 
	502, 1446, 566, 1458, 538, 1458, 538, 1482, 
	510, 1490, 542, 1454, 542, 1482, 510, 1490, 
	538, 490, 526, 426, 530, 418, 534, 1474, 
	534, 1462, 566, 1454, 538, 490, 502, 450, 
	530, 458, 506, 442, 506, 470, 534, 446, 
	506, 474, 506, 446, 530, 1474, 542, 1454, 
	542, 462, 506, 1490, 538, 442, 542, 1462, 
	534, 494, 498, 446, 486, 478, 506, 470, 
	506, 446, 530, 446, 534, 474, 506, 1474, 
	510, 1506, 542, 1458, 542, 1454, 542, 1000};
Do a cut-and-paste of the following lines into the 
designated location in rawSend.ino


//25
#define RAW_DATA_LEN 232
uint16_t rawData[RAW_DATA_LEN]={
	3110, 8886, 634, 494, 498, 1450, 534, 494, 
	502, 450, 530, 446, 510, 474, 530, 454, 
	482, 466, 534, 446, 506, 1494, 506, 474, 
	534, 442, 506, 1494, 534, 446, 534, 442, 
	506, 1494, 534, 1462, 514, 1486, 566, 1454, 
	510, 1490, 534, 494, 502, 450, 530, 446, 
	510, 470, 534, 454, 482, 470, 530, 446, 
	506, 474, 530, 446, 506, 470, 538, 446, 
	530, 458, 506, 442, 530, 446, 534, 446, 
	534, 446, 506, 474, 530, 446, 506, 486, 
	478, 470, 526, 454, 530, 446, 506, 470, 
	534, 446, 530, 462, 502, 446, 530, 446, 
	534, 446, 530, 446, 510, 470, 530, 446, 
	510, 482, 506, 1458, 542, 1458, 510, 1514, 
	510, 1486, 514, 2410, 3078, 9082, 510, 1462, 
	538, 490, 506, 446, 506, 470, 510, 470, 
	530, 446, 538, 454, 478, 474, 502, 474, 
	530, 1470, 534, 442, 534, 446, 506, 474, 
	530, 446, 506, 1474, 506, 1514, 534, 494, 
	502, 1446, 510, 1486, 542, 1482, 510, 1490, 
	510, 1486, 542, 1478, 510, 1490, 510, 1510, 
	514, 466, 534, 446, 506, 474, 530, 1466, 
	510, 1490, 538, 1462, 534, 494, 478, 474, 
	530, 446, 506, 474, 530, 446, 506, 1474, 
	538, 490, 502, 450, 530, 1446, 538, 1462, 
	562, 466, 502, 1466, 514, 470, 534, 1462, 
	510, 522, 474, 470, 506, 486, 502, 450, 
	502, 474, 530, 446, 506, 474, 530, 1446, 
	514, 1506, 510, 1490, 538, 1458, 514, 1000};
Do a cut-and-paste of the following lines into the 
designated location in rawSend.ino


//26
#define RAW_DATA_LEN 232
uint16_t rawData[RAW_DATA_LEN]={
	3126, 8866, 610, 518, 506, 1442, 490, 538, 
	506, 446, 506, 446, 534, 446, 554, 434, 
	530, 442, 506, 446, 562, 1466, 538, 442, 
	510, 466, 530, 1470, 510, 470, 534, 442, 
	534, 1470, 534, 1458, 542, 1462, 562, 1458, 
	534, 1462, 514, 518, 502, 446, 482, 470, 
	558, 422, 530, 458, 534, 438, 506, 450, 
	558, 446, 502, 450, 534, 446, 554, 450, 
	530, 454, 510, 442, 530, 422, 534, 470, 
	506, 450, 558, 418, 558, 446, 534, 454, 
	510, 442, 530, 446, 506, 474, 506, 446, 
	530, 478, 530, 454, 510, 442, 506, 446, 
	554, 450, 530, 422, 534, 446, 558, 446, 
	502, 486, 510, 1458, 538, 1462, 510, 1510, 
	538, 1458, 538, 2390, 3102, 9058, 510, 1462, 
	562, 438, 526, 450, 506, 446, 530, 478, 
	506, 470, 506, 458, 506, 466, 530, 446, 
	510, 1494, 510, 470, 534, 442, 510, 470, 
	530, 446, 506, 1474, 510, 1510, 542, 486, 
	502, 1450, 538, 1458, 538, 1482, 510, 1490, 
	542, 1454, 542, 1482, 510, 1490, 538, 1482, 
	534, 442, 542, 438, 506, 474, 530, 1466, 
	514, 1486, 538, 1462, 538, 490, 502, 450, 
	506, 446, 530, 474, 506, 446, 534, 454, 
	506, 1486, 542, 490, 502, 1450, 538, 1458, 
	538, 462, 530, 1466, 542, 442, 538, 1462, 
	534, 494, 526, 422, 506, 454, 506, 470, 
	534, 418, 530, 474, 510, 470, 506, 1474, 
	510, 1506, 542, 1458, 542, 1458, 514, 1000};
Do a cut-and-paste of the following lines into the 
designated location in rawSend.ino


//27
#define RAW_DATA_LEN 232
uint16_t rawData[RAW_DATA_LEN]={
	3134, 8862, 634, 494, 478, 1470, 510, 518, 
	506, 446, 506, 470, 534, 446, 534, 458, 
	506, 442, 502, 474, 534, 1466, 510, 470, 
	534, 442, 506, 1494, 534, 446, 506, 474, 
	530, 1466, 514, 1486, 534, 1466, 534, 1482, 
	514, 1490, 534, 490, 482, 470, 530, 446, 
	510, 474, 530, 454, 482, 470, 530, 446, 
	506, 474, 530, 446, 510, 470, 534, 446, 
	530, 458, 506, 446, 502, 470, 534, 446, 
	506, 474, 506, 474, 530, 446, 510, 482, 
	502, 446, 502, 478, 530, 446, 534, 446, 
	530, 446, 506, 482, 506, 446, 502, 474, 
	534, 446, 502, 474, 534, 446, 506, 474, 
	534, 454, 478, 1490, 538, 1458, 514, 1510, 
	538, 1462, 534, 2386, 3078, 9090, 502, 1462, 
	566, 438, 530, 446, 510, 446, 554, 446, 
	506, 474, 506, 482, 478, 474, 530, 446, 
	502, 1498, 510, 466, 538, 442, 506, 1490, 
	542, 1458, 514, 514, 502, 1450, 538, 490, 
	506, 1446, 562, 1458, 538, 1462, 538, 1478, 
	514, 1486, 538, 1462, 566, 1454, 510, 1490, 
	538, 490, 498, 450, 534, 418, 538, 1466, 
	542, 1462, 562, 1454, 538, 490, 506, 446, 
	506, 482, 506, 442, 506, 470, 534, 1446, 
	566, 1458, 538, 486, 502, 1450, 538, 1462, 
	538, 490, 502, 1470, 534, 490, 502, 1450, 
	510, 518, 498, 454, 502, 482, 478, 474, 
	530, 446, 506, 450, 530, 470, 506, 1474, 
	538, 1482, 538, 1458, 514, 1490, 562, 1000};
Do a cut-and-paste of the following lines into the 
designated location in rawSend.ino

//28
#define RAW_DATA_LEN 232
uint16_t rawData[RAW_DATA_LEN]={
	3094, 8890, 610, 518, 498, 1446, 538, 490, 
	506, 446, 530, 446, 510, 446, 530, 458, 
	482, 490, 534, 446, 506, 1494, 538, 442, 
	534, 442, 506, 1494, 538, 442, 538, 442, 
	530, 1466, 538, 1458, 542, 1458, 542, 1482, 
	510, 1490, 534, 494, 498, 450, 530, 446, 
	506, 450, 530, 454, 506, 470, 534, 442, 
	538, 418, 530, 474, 510, 470, 506, 446, 
	534, 454, 506, 470, 530, 422, 534, 446, 
	558, 446, 506, 474, 506, 446, 534, 454, 
	506, 470, 506, 446, 530, 470, 510, 470, 
	506, 478, 502, 458, 502, 470, 534, 446, 
	534, 418, 530, 474, 510, 470, 506, 470, 
	510, 454, 506, 1490, 538, 1462, 538, 1482, 
	534, 1462, 514, 2410, 3082, 9082, 478, 1494, 
	562, 466, 474, 474, 506, 474, 506, 470, 
	510, 470, 530, 434, 530, 442, 506, 446, 
	534, 1494, 538, 438, 538, 442, 530, 450, 
	502, 450, 534, 1474, 534, 1482, 510, 518, 
	502, 1446, 510, 1490, 514, 1506, 538, 1462, 
	514, 1486, 566, 1450, 542, 1462, 510, 1510, 
	534, 442, 542, 438, 506, 474, 510, 1490, 
	534, 1462, 514, 1486, 538, 490, 502, 450, 
	530, 446, 510, 470, 506, 474, 502, 486, 
	510, 438, 510, 1490, 538, 1458, 538, 1462, 
	566, 462, 478, 1494, 538, 442, 534, 1462, 
	538, 490, 506, 446, 506, 482, 506, 442, 
	506, 470, 510, 474, 502, 474, 510, 1470, 
	538, 1482, 534, 1462, 542, 1458, 542, 1000};

** Fan 2 swing off **
Do a cut-and-paste of the following lines into the 
designated location in rawSend.ino

//23
#define RAW_DATA_LEN 232
uint16_t rawData[RAW_DATA_LEN]={
	3130, 8866, 634, 494, 498, 1450, 510, 518, 
	506, 442, 534, 446, 534, 446, 510, 478, 
	506, 446, 502, 474, 530, 1466, 514, 466, 
	538, 438, 510, 1494, 506, 474, 510, 466, 
	530, 1466, 538, 1462, 542, 1458, 542, 1478, 
	538, 1462, 538, 490, 506, 446, 530, 446, 
	510, 470, 530, 454, 482, 470, 530, 450, 
	534, 446, 530, 446, 510, 470, 530, 446, 
	506, 486, 502, 450, 498, 474, 534, 446, 
	506, 470, 534, 446, 506, 474, 534, 454, 
	506, 446, 530, 446, 530, 446, 510, 474, 
	530, 446, 502, 486, 506, 446, 502, 470, 
	534, 446, 534, 446, 534, 446, 506, 470, 
	510, 478, 506, 1462, 514, 1486, 514, 1510, 
	534, 1462, 514, 2410, 3078, 9082, 454, 1518, 
	538, 490, 502, 450, 530, 446, 510, 466, 
	538, 446, 530, 458, 506, 442, 530, 446, 
	534, 1466, 534, 446, 538, 438, 534, 1466, 
	538, 1462, 514, 518, 502, 1442, 514, 518, 
	502, 1446, 538, 1482, 510, 1490, 534, 1482, 
	514, 1490, 506, 1494, 534, 1482, 510, 1490, 
	510, 518, 482, 470, 530, 446, 510, 1470, 
	534, 1466, 534, 1482, 514, 522, 498, 446, 
	530, 462, 502, 450, 498, 474, 534, 1442, 
	566, 1458, 534, 1462, 510, 522, 502, 1446, 
	562, 466, 502, 446, 506, 1494, 538, 1462, 
	538, 494, 498, 446, 510, 482, 502, 446, 
	502, 478, 534, 442, 510, 466, 510, 1470, 
	514, 1510, 534, 1462, 510, 1490, 538, 1000};
Do a cut-and-paste of the following lines into the 
designated location in rawSend.ino

//24
#define RAW_DATA_LEN 232
uint16_t rawData[RAW_DATA_LEN]={
	3134, 8866, 630, 494, 502, 1450, 534, 494, 
	498, 450, 534, 446, 530, 446, 534, 454, 
	482, 470, 530, 446, 530, 1466, 542, 442, 
	534, 446, 530, 1466, 534, 446, 510, 466, 
	506, 1494, 538, 1462, 506, 1494, 538, 1478, 
	538, 1462, 534, 494, 506, 446, 506, 470, 
	534, 446, 534, 458, 506, 442, 530, 446, 
	534, 446, 530, 446, 534, 450, 530, 446, 
	506, 482, 506, 446, 498, 478, 530, 446, 
	534, 446, 534, 446, 502, 478, 530, 454, 
	506, 446, 530, 446, 510, 466, 534, 446, 
	506, 478, 530, 454, 478, 474, 506, 470, 
	506, 470, 538, 442, 506, 474, 534, 446, 
	530, 458, 506, 1462, 538, 1462, 510, 1510, 
	538, 1458, 542, 2382, 3082, 9082, 510, 1458, 
	538, 466, 526, 450, 506, 446, 558, 446, 
	510, 446, 530, 458, 478, 494, 530, 446, 
	510, 1490, 542, 442, 534, 442, 506, 1494, 
	538, 438, 538, 1462, 542, 1458, 538, 490, 
	526, 1426, 534, 1482, 538, 1462, 538, 1482, 
	538, 1458, 542, 1462, 562, 1458, 534, 1462, 
	538, 490, 506, 446, 506, 450, 530, 1470, 
	538, 1462, 566, 1454, 542, 486, 530, 418, 
	510, 482, 506, 442, 506, 446, 530, 474, 
	510, 446, 530, 470, 486, 1494, 538, 1462, 
	566, 438, 478, 498, 506, 1470, 538, 1482, 
	538, 490, 502, 450, 506, 454, 510, 466, 
	530, 422, 534, 470, 506, 474, 502, 1474, 
	510, 1514, 538, 1458, 538, 1462, 510, 1000};
Do a cut-and-paste of the following lines into the 
designated location in rawSend.ino

//25
#define RAW_DATA_LEN 232
uint16_t rawData[RAW_DATA_LEN]={
	3110, 8890, 634, 494, 498, 1450, 534, 494, 
	478, 474, 530, 446, 506, 470, 538, 454, 
	506, 446, 530, 446, 530, 1466, 538, 442, 
	542, 434, 510, 1494, 538, 442, 534, 442, 
	530, 1466, 538, 1462, 542, 1458, 566, 1454, 
	538, 1462, 538, 490, 502, 450, 530, 422, 
	554, 446, 538, 454, 478, 474, 526, 426, 
	554, 422, 534, 446, 554, 450, 530, 422, 
	534, 454, 506, 470, 534, 442, 506, 446, 
	534, 474, 530, 446, 510, 446, 530, 454, 
	506, 470, 534, 418, 534, 446, 558, 446, 
	506, 474, 530, 458, 478, 470, 534, 446, 
	530, 426, 554, 422, 554, 446, 510, 474, 
	502, 462, 498, 1494, 538, 1462, 510, 1510, 
	510, 1486, 538, 2386, 3082, 9082, 506, 1462, 
	538, 462, 530, 446, 506, 474, 534, 446, 
	530, 426, 554, 430, 506, 470, 530, 422, 
	534, 1494, 534, 442, 538, 442, 530, 446, 
	506, 470, 538, 1442, 542, 1482, 534, 494, 
	498, 1450, 510, 1490, 534, 1486, 538, 1462, 
	510, 1486, 570, 1450, 510, 1490, 538, 1482, 
	538, 442, 510, 466, 534, 450, 502, 1494, 
	514, 1486, 538, 1458, 538, 494, 502, 446, 
	506, 474, 530, 446, 506, 446, 534, 1470, 
	542, 486, 482, 470, 530, 1450, 510, 1486, 
	570, 434, 506, 470, 530, 1450, 566, 1450, 
	542, 486, 506, 446, 506, 458, 534, 442, 
	530, 418, 538, 470, 506, 470, 510, 1470, 
	510, 1514, 534, 1462, 538, 1462, 510, 1000};
Do a cut-and-paste of the following lines into the 
designated location in rawSend.ino

//26
#define RAW_DATA_LEN 232
uint16_t rawData[RAW_DATA_LEN]={
	3110, 8890, 634, 486, 506, 1450, 534, 494, 
	498, 446, 534, 422, 558, 418, 534, 458, 
	502, 470, 530, 426, 554, 1466, 542, 442, 
	534, 442, 530, 1470, 538, 438, 514, 466, 
	530, 1466, 514, 1486, 542, 1462, 534, 1482, 
	510, 1490, 538, 490, 502, 450, 530, 446, 
	530, 426, 558, 454, 478, 470, 534, 418, 
	530, 454, 554, 446, 530, 446, 538, 418, 
	530, 462, 498, 474, 530, 422, 534, 446, 
	554, 450, 502, 478, 530, 422, 530, 458, 
	506, 466, 530, 426, 558, 418, 558, 446, 
	534, 422, 530, 482, 478, 470, 530, 446, 
	538, 418, 530, 474, 534, 446, 530, 422, 
	558, 430, 506, 1486, 542, 1458, 542, 1482, 
	534, 1462, 538, 2386, 3078, 9086, 482, 1490, 
	562, 462, 502, 450, 530, 446, 530, 450, 
	534, 418, 534, 458, 506, 466, 530, 446, 
	510, 1490, 514, 470, 534, 442, 530, 446, 
	534, 446, 506, 1474, 534, 1482, 510, 518, 
	506, 1446, 510, 1490, 538, 1482, 538, 1458, 
	510, 1494, 562, 1458, 534, 1462, 510, 1514, 
	506, 470, 514, 466, 530, 446, 530, 1470, 
	510, 1490, 534, 1462, 542, 486, 506, 446, 
	530, 450, 530, 446, 510, 446, 558, 454, 
	478, 1494, 506, 518, 502, 1450, 510, 1490, 
	566, 462, 478, 474, 530, 1450, 538, 1478, 
	514, 514, 478, 474, 530, 434, 530, 442, 
	530, 418, 538, 470, 530, 446, 506, 1474, 
	510, 1514, 534, 1462, 538, 1462, 510, 1000};
Do a cut-and-paste of the following lines into the 
designated location in rawSend.ino

//27
#define RAW_DATA_LEN 232
uint16_t rawData[RAW_DATA_LEN]={
	3134, 8866, 634, 486, 506, 1450, 534, 490, 
	506, 446, 530, 446, 534, 422, 554, 458, 
	478, 470, 534, 446, 530, 1470, 510, 470, 
	534, 442, 506, 1494, 538, 442, 538, 438, 
	530, 1470, 542, 1458, 538, 1458, 566, 1458, 
	534, 1462, 538, 490, 506, 446, 530, 422, 
	534, 470, 534, 454, 478, 474, 530, 446, 
	530, 426, 554, 422, 558, 446, 534, 418, 
	534, 458, 502, 470, 530, 446, 506, 450, 
	558, 418, 558, 450, 530, 422, 530, 458, 
	502, 474, 530, 446, 510, 446, 554, 446, 
	534, 450, 530, 454, 478, 474, 530, 446, 
	530, 426, 554, 422, 558, 446, 510, 470, 
	506, 482, 478, 1490, 538, 1462, 534, 1486, 
	506, 1494, 538, 2382, 3082, 9086, 506, 1462, 
	538, 462, 526, 450, 506, 474, 502, 478, 
	530, 422, 558, 430, 506, 470, 526, 450, 
	506, 1494, 538, 442, 514, 462, 510, 1490, 
	542, 1458, 538, 490, 502, 1450, 534, 494, 
	502, 1446, 534, 1486, 514, 1486, 538, 1482, 
	538, 1458, 510, 1494, 562, 1454, 514, 1486, 
	510, 518, 506, 446, 530, 426, 530, 1474, 
	534, 1462, 562, 1458, 538, 490, 506, 446, 
	530, 458, 478, 470, 530, 450, 530, 1450, 
	562, 1454, 538, 490, 502, 1450, 538, 1462, 
	534, 494, 502, 450, 530, 1466, 538, 1462, 
	510, 518, 502, 446, 506, 458, 506, 466, 
	530, 454, 530, 418, 562, 446, 530, 1450, 
	506, 1514, 534, 1462, 538, 1462, 566, 1000};
Do a cut-and-paste of the following lines into the 
designated location in rawSend.ino

//28
#define RAW_DATA_LEN 232
uint16_t rawData[RAW_DATA_LEN]={
	3134, 8866, 634, 494, 498, 1450, 534, 494, 
	502, 450, 530, 422, 558, 442, 538, 454, 
	510, 442, 502, 474, 530, 1466, 514, 466, 
	510, 466, 510, 1490, 510, 474, 534, 442, 
	506, 1494, 534, 1462, 538, 1462, 566, 1458, 
	534, 1462, 506, 522, 502, 446, 506, 446, 
	562, 446, 530, 454, 510, 442, 530, 446, 
	534, 446, 534, 446, 534, 446, 530, 446, 
	506, 486, 478, 470, 526, 454, 530, 446, 
	502, 454, 554, 446, 530, 450, 534, 454, 
	482, 470, 530, 446, 530, 446, 534, 422, 
	554, 446, 538, 454, 510, 442, 530, 446, 
	530, 446, 534, 446, 506, 474, 502, 478, 
	530, 454, 510, 1462, 538, 1462, 534, 1486, 
	534, 1462, 538, 2390, 3102, 9058, 506, 1466, 
	562, 466, 498, 446, 538, 418, 530, 474, 
	510, 470, 530, 458, 482, 466, 534, 446, 
	506, 1494, 534, 446, 534, 442, 530, 446, 
	510, 474, 530, 1450, 534, 1482, 538, 490, 
	478, 1470, 542, 1458, 538, 1486, 534, 1462, 
	538, 1462, 534, 1482, 514, 1490, 538, 1482, 
	534, 442, 542, 442, 530, 446, 530, 1470, 
	534, 1462, 538, 1462, 510, 518, 506, 446, 
	506, 470, 538, 446, 530, 446, 510, 478, 
	482, 470, 526, 1470, 510, 1490, 538, 1458, 
	542, 486, 506, 446, 510, 1470, 538, 1482, 
	510, 518, 506, 442, 510, 482, 478, 474, 
	498, 478, 530, 446, 510, 470, 530, 1450, 
	534, 1482, 542, 1462, 534, 1462, 538, 1000};


** Fan 3 swing off **

//23
#define RAW_DATA_LEN 232
uint16_t rawData[RAW_DATA_LEN]={
	3090, 8878, 646, 494, 474, 1474, 510, 542, 
	454, 474, 530, 446, 534, 446, 506, 482, 
	482, 466, 506, 470, 510, 1490, 538, 442, 
	534, 446, 530, 1466, 538, 442, 534, 446, 
	530, 1466, 510, 1490, 538, 1462, 542, 1478, 
	510, 1490, 534, 518, 454, 474, 506, 470, 
	510, 466, 510, 506, 454, 470, 506, 474, 
	502, 474, 510, 470, 506, 470, 510, 474, 
	502, 506, 458, 470, 506, 470, 510, 470, 
	506, 474, 506, 470, 510, 470, 506, 506, 
	482, 442, 506, 474, 506, 474, 502, 474, 
	510, 470, 530, 482, 458, 466, 506, 474, 
	502, 478, 530, 446, 510, 470, 506, 474, 
	502, 506, 486, 1458, 538, 1466, 534, 1486, 
	534, 1462, 510, 2410, 3082, 9086, 502, 1462, 
	542, 518, 450, 474, 506, 470, 506, 474, 
	506, 474, 530, 458, 502, 446, 506, 470, 
	506, 1494, 538, 446, 506, 470, 530, 446, 
	506, 1474, 534, 518, 454, 1494, 534, 518, 
	454, 1470, 534, 1466, 534, 1486, 506, 1494, 
	534, 1462, 538, 1482, 538, 1462, 538, 1482, 
	514, 466, 534, 446, 506, 470, 506, 1494, 
	514, 1486, 510, 1490, 534, 494, 478, 474, 
	502, 474, 506, 470, 534, 446, 510, 1470, 
	510, 1490, 534, 1482, 510, 522, 502, 1446, 
	538, 1458, 514, 522, 474, 1490, 514, 1486, 
	538, 518, 454, 470, 506, 478, 482, 470, 
	506, 470, 510, 474, 530, 446, 506, 1474, 
	534, 1482, 514, 1486, 534, 1466, 538, 1000};
Do a cut-and-paste of the following lines into the 
designated location in rawSend.ino


//24
#define RAW_DATA_LEN 232
uint16_t rawData[RAW_DATA_LEN]={
	3090, 8882, 642, 494, 478, 1470, 534, 522, 
	450, 474, 530, 446, 506, 470, 510, 482, 
	506, 446, 502, 474, 502, 1494, 538, 442, 
	510, 470, 506, 1490, 514, 470, 510, 466, 
	510, 1490, 534, 1462, 538, 1462, 538, 1486, 
	534, 1462, 538, 494, 474, 470, 534, 450, 
	530, 446, 506, 482, 506, 446, 506, 470, 
	506, 470, 534, 446, 534, 446, 510, 466, 
	534, 454, 506, 446, 530, 446, 510, 470, 
	506, 474, 506, 470, 534, 446, 506, 486, 
	478, 466, 506, 474, 506, 474, 530, 446, 
	510, 470, 530, 458, 478, 470, 534, 446, 
	506, 474, 506, 470, 506, 470, 510, 474, 
	502, 486, 478, 1490, 506, 1494, 534, 1482, 
	510, 1490, 538, 2386, 3082, 9082, 478, 1490, 
	566, 462, 478, 474, 502, 474, 510, 470, 
	506, 470, 510, 482, 506, 446, 502, 474, 
	506, 1490, 514, 466, 534, 442, 510, 474, 
	530, 446, 510, 1470, 506, 1514, 510, 518, 
	502, 1446, 510, 1490, 514, 1506, 538, 1458, 
	510, 1490, 542, 1482, 534, 1462, 510, 1510, 
	538, 442, 534, 446, 506, 470, 510, 1490, 
	534, 1466, 510, 1486, 514, 518, 478, 470, 
	506, 474, 534, 446, 502, 474, 534, 454, 
	506, 446, 506, 470, 530, 1450, 534, 1482, 
	510, 1490, 538, 490, 482, 1470, 534, 1486, 
	538, 490, 478, 470, 510, 482, 502, 446, 
	506, 470, 534, 446, 510, 470, 506, 1474, 
	510, 1506, 534, 1462, 514, 1490, 506, 1000};
Do a cut-and-paste of the following lines into the 
designated location in rawSend.ino


//25
#define RAW_DATA_LEN 232
uint16_t rawData[RAW_DATA_LEN]={
	3090, 8878, 618, 542, 454, 1470, 510, 546, 
	454, 470, 530, 446, 510, 474, 502, 486, 
	474, 474, 530, 446, 510, 1490, 534, 446, 
	506, 474, 530, 1466, 514, 466, 534, 442, 
	510, 1490, 538, 1458, 514, 1486, 542, 1482, 
	534, 1462, 514, 538, 454, 474, 506, 474, 
	530, 446, 510, 482, 502, 446, 502, 478, 
	502, 474, 506, 470, 510, 470, 506, 474, 
	506, 482, 506, 446, 502, 474, 506, 470, 
	510, 470, 534, 446, 506, 474, 506, 506, 
	478, 446, 506, 470, 510, 470, 530, 446, 
	510, 474, 502, 486, 474, 474, 530, 446, 
	534, 446, 506, 470, 506, 478, 502, 474, 
	506, 482, 506, 1462, 510, 1490, 534, 1486, 
	510, 1486, 510, 2414, 3082, 9082, 506, 1462, 
	538, 518, 454, 470, 506, 474, 502, 474, 
	534, 446, 506, 486, 478, 466, 506, 470, 
	538, 1466, 506, 474, 534, 442, 506, 1494, 
	534, 1462, 538, 522, 450, 1474, 534, 518, 
	450, 1474, 538, 1482, 510, 1486, 538, 1482, 
	510, 1490, 534, 1466, 534, 1486, 538, 1458, 
	514, 546, 450, 470, 510, 466, 510, 1470, 
	538, 1462, 542, 1482, 534, 518, 450, 478, 
	530, 478, 482, 446, 530, 446, 506, 1474, 
	534, 518, 450, 474, 506, 1494, 534, 1462, 
	538, 1462, 514, 538, 454, 1494, 514, 1486, 
	534, 518, 454, 474, 502, 506, 482, 446, 
	506, 470, 510, 470, 506, 470, 506, 1474, 
	538, 1482, 514, 1486, 534, 1462, 538, 1000};
Do a cut-and-paste of the following lines into the 
designated location in rawSend.ino

//26
#define RAW_DATA_LEN 232
uint16_t rawData[RAW_DATA_LEN]={
	3070, 8882, 646, 518, 450, 1474, 510, 542, 
	450, 478, 506, 470, 506, 470, 510, 506, 
	478, 450, 498, 478, 506, 1490, 510, 470, 
	534, 442, 506, 1490, 542, 442, 510, 470, 
	506, 1490, 534, 1466, 538, 1462, 538, 1482, 
	534, 1462, 514, 546, 474, 446, 534, 446, 
	530, 446, 510, 506, 478, 446, 506, 474, 
	530, 446, 506, 470, 534, 446, 506, 474, 
	506, 506, 482, 446, 506, 470, 506, 474, 
	506, 474, 502, 474, 506, 474, 506, 506, 
	478, 446, 506, 474, 502, 474, 510, 470, 
	506, 470, 506, 510, 482, 446, 502, 474, 
	534, 442, 506, 470, 534, 446, 506, 474, 
	510, 502, 482, 1462, 514, 1486, 534, 1486, 
	538, 1458, 510, 2414, 3082, 9086, 474, 1490, 
	542, 514, 454, 470, 506, 470, 510, 474, 
	506, 470, 510, 506, 478, 446, 506, 470, 
	534, 1462, 514, 470, 510, 470, 506, 1490, 
	534, 1462, 538, 522, 446, 1474, 538, 518, 
	454, 1466, 542, 1482, 510, 1490, 534, 1486, 
	534, 1462, 538, 1462, 538, 1482, 534, 1466, 
	534, 518, 454, 474, 502, 474, 510, 1470, 
	506, 1494, 534, 1482, 514, 542, 450, 478, 
	506, 506, 478, 446, 506, 470, 506, 470, 
	510, 1470, 534, 522, 454, 1490, 534, 1462, 
	538, 1462, 510, 546, 454, 1490, 510, 1490, 
	534, 518, 454, 474, 506, 506, 478, 446, 
	506, 470, 506, 474, 506, 474, 506, 1474, 
	510, 1506, 534, 1466, 510, 1486, 542, 1000};
Do a cut-and-paste of the following lines into the 
designated location in rawSend.ino

//27
#define RAW_DATA_LEN 232
uint16_t rawData[RAW_DATA_LEN]={
	3186, 8798, 646, 518, 454, 1470, 534, 518, 
	454, 474, 530, 446, 534, 446, 530, 482, 
	478, 446, 534, 446, 502, 1498, 534, 446, 
	530, 446, 506, 1490, 510, 474, 534, 442, 
	506, 1494, 534, 1462, 538, 1462, 538, 1486, 
	534, 1462, 510, 542, 454, 474, 502, 474, 
	510, 470, 506, 486, 478, 466, 506, 470, 
	510, 474, 502, 474, 510, 470, 506, 470, 
	506, 506, 486, 446, 498, 474, 510, 470, 
	506, 470, 510, 474, 502, 474, 510, 502, 
	482, 446, 506, 470, 530, 446, 510, 474, 
	530, 446, 510, 478, 506, 446, 502, 474, 
	506, 470, 506, 478, 502, 474, 510, 466, 
	510, 506, 478, 1466, 534, 1462, 538, 1482, 
	538, 1466, 534, 2386, 3082, 9082, 478, 1490, 
	538, 518, 450, 478, 502, 474, 502, 474, 
	534, 446, 506, 506, 462, 490, 478, 470, 
	510, 1494, 534, 446, 510, 466, 506, 470, 
	538, 1442, 538, 518, 454, 1490, 534, 518, 
	454, 1474, 506, 1490, 538, 1486, 534, 1462, 
	510, 1490, 538, 1486, 506, 1490, 506, 1514, 
	534, 446, 506, 470, 506, 474, 510, 1490, 
	510, 1490, 534, 1462, 514, 538, 454, 474, 
	506, 474, 530, 446, 506, 478, 530, 1446, 
	506, 1490, 510, 546, 454, 1490, 510, 1490, 
	510, 1486, 542, 518, 450, 1490, 538, 1462, 
	514, 542, 450, 478, 506, 506, 478, 446, 
	506, 470, 506, 470, 510, 474, 502, 1474, 
	510, 1514, 510, 1486, 514, 1486, 538, 1000};
Do a cut-and-paste of the following lines into the 
designated location in rawSend.ino

//28
#define RAW_DATA_LEN 232
uint16_t rawData[RAW_DATA_LEN]={
	3066, 8878, 698, 414, 502, 1474, 506, 550, 
	450, 474, 506, 470, 506, 474, 502, 510, 
	482, 470, 482, 470, 506, 1490, 514, 466, 
	534, 446, 506, 1494, 534, 446, 506, 470, 
	506, 1494, 534, 1462, 510, 1490, 542, 1478, 
	506, 1494, 510, 542, 454, 470, 506, 474, 
	510, 470, 530, 482, 458, 494, 478, 470, 
	510, 474, 502, 474, 510, 470, 506, 470, 
	506, 510, 478, 474, 478, 474, 502, 474, 
	506, 474, 506, 470, 506, 474, 506, 506, 
	454, 474, 502, 474, 506, 474, 506, 470, 
	506, 470, 510, 506, 482, 470, 478, 474, 
	506, 470, 510, 470, 506, 470, 510, 474, 
	502, 510, 450, 1494, 534, 1466, 558, 1458, 
	534, 1466, 534, 2390, 3078, 9086, 474, 1494, 
	538, 514, 454, 470, 506, 470, 510, 474, 
	506, 470, 510, 506, 478, 474, 478, 470, 
	506, 1490, 566, 418, 562, 414, 510, 1490, 
	510, 1490, 566, 438, 550, 1426, 562, 438, 
	554, 1422, 566, 1454, 510, 1486, 510, 1514, 
	566, 1430, 510, 1490, 534, 1490, 562, 1434, 
	510, 542, 454, 470, 506, 478, 506, 1466, 
	594, 1410, 590, 1430, 562, 462, 478, 478, 
	506, 506, 478, 446, 506, 470, 506, 470, 
	510, 474, 502, 1474, 562, 1458, 590, 1410, 
	538, 1462, 534, 466, 554, 1442, 566, 1430, 
	510, 546, 454, 470, 506, 510, 482, 470, 
	474, 478, 506, 470, 506, 474, 506, 1470, 
	566, 1454, 566, 1430, 514, 1490, 534, 1000};
